0,1,0,64
0,2,0,21
0,3,0,56
0,4,0,0
0,5,0,64
0,6,0,42
0,7,0,53
0,9,0,64
0,10,0,89
0,11,0,53
0,13,0,64
0,14,0,114
0,15,0,56
0,16,0,0
0,17,0,1
0,23,7,82
0,64,0,3
0,81,7,0
0,107,0,0
0,108,0,0
0,109,0,0
1,1,0,64
1,2,0,21
1,3,0,56
1,4,0,0
1,5,0,64
1,6,0,42
1,7,0,53
1,9,0,64
1,10,0,89
1,11,0,53
1,13,0,64
1,14,0,114
1,15,0,56
1,16,0,0
1,17,0,1
1,23,7,82
1,64,0,3
1,81,7,0
1,107,0,0
1,108,0,0
1,109,0,0
2,1,0,64
2,2,0,21
2,3,0,56
2,4,0,0
2,5,0,64
2,6,0,42
2,7,0,53
2,9,0,64
2,10,0,89
2,11,0,53
2,13,0,64
2,14,0,114
2,15,0,56
2,16,0,0
2,17,0,1
2,81,7,0
2,107,0,0
2,108,0,0
2,109,0,0
3,1,0,64
3,2,0,21
3,3,0,56
3,4,0,0
3,5,0,64
3,6,0,42
3,7,0,53
3,9,0,64
3,10,0,89
3,11,0,53
3,13,0,64
3,14,0,114
3,15,0,56
3,16,0,0
3,17,0,1
3,81,7,0
3,107,0,0
3,108,0,0
3,109,0,0
8,1,0,64
8,2,0,21
8,3,0,56
8,4,0,0
8,5,0,64
8,6,0,42
8,7,0,53
8,9,0,64
8,10,0,89
8,11,0,53
8,13,0,64
8,14,0,114
8,15,0,56
8,16,0,0
8,17,0,1
8,18,0,0
8,19,0,44
8,20,0,0
8,22,4,37
8,22,5,37
8,22,6,37
8,22,7,37
8,23,7,98
8,24,7,1
8,32,0,0
8,32,1,0
8,32,2,0
8,32,3,0
8,32,4,0
8,32,5,0
8,32,6,0
8,32,16,0
8,32,17,0
8,64,0,3
8,80,0,1
8,80,1,1
8,80,2,1
8,80,3,1
8,80,4,1
8,80,5,1
8,80,6,1
8,80,7,1
8,80,16,0
8,80,17,0
8,81,7,0
8,82,0,64
8,84,0,64
8,85,0,1
8,85,1,1
8,85,2,1
8,85,3,1
8,85,4,1
8,85,5,1
8,85,6,1
8,85,7,1
8,85,16,0
8,85,17,1
8,87,0,0
8,88,0,53
8,89,0,0
8,90,0,0
8,105,0,0
8,106,0,0
8,107,0,0
8,108,0,0
8,109,0,0
9,1,0,64
9,2,0,21
9,3,0,56
9,4,0,0
9,5,0,64
9,6,0,42
9,7,0,53
9,9,0,64
9,10,0,89
9,11,0,53
9,13,0,64
9,14,0,114
9,15,0,56
9,16,0,0
9,17,0,1
9,18,0,0
9,19,0,44
9,20,0,0
9,22,4,37
9,22,5,37
9,22,6,37
9,22,7,37
9,23,7,98
9,24,7,1
9,32,0,0
9,32,1,0
9,32,2,0
9,32,3,0
9,32,4,0
9,32,5,0
9,32,6,0
9,32,16,0
9,32,17,0
9,64,0,3
9,80,0,1
9,80,1,1
9,80,2,1
9,80,3,1
9,80,4,1
9,80,5,1
9,80,6,1
9,80,7,1
9,80,16,0
9,80,17,0
9,81,7,0
9,82,0,64
9,84,0,64
9,85,0,1
9,85,1,1
9,85,2,1
9,85,3,1
9,85,4,1
9,85,5,1
9,85,6,1
9,85,7,1
9,85,16,1
9,85,17,0
9,87,0,0
9,88,0,53
9,89,0,0
9,90,0,0
9,105,0,0
9,106,0,0
9,107,0,0
9,108,0,0
9,109,0,0
10,1,0,64
10,2,0,21
10,3,0,56
10,4,0,0
10,5,0,64
10,6,0,42
10,7,0,53
10,9,0,64
10,10,0,89
10,11,0,53
10,13,0,64
10,14,0,114
10,15,0,56
10,16,0,0
10,17,0,1
10,18,0,0
10,19,0,44
10,20,0,0
10,22,4,37
10,22,5,37
10,22,6,37
10,22,7,37
10,23,7,98
10,24,7,1
10,32,0,0
10,32,1,0
10,32,2,0
10,32,3,0
10,32,4,0
10,32,5,0
10,32,6,0
10,32,16,0
10,32,17,0
10,64,0,3
10,80,0,1
10,80,1,1
10,80,2,1
10,80,3,1
10,80,4,1
10,80,5,1
10,80,6,1
10,80,7,1
10,80,16,0
10,80,17,0
10,81,7,0
10,82,0,64
10,84,0,64
10,85,0,1
10,85,1,1
10,85,2,1
10,85,3,1
10,85,4,1
10,85,5,1
10,85,6,1
10,85,7,1
10,85,16,1
10,85,17,1
10,87,0,0
10,88,0,53
10,89,0,0
10,90,0,0
10,105,0,0
10,106,0,0
10,107,0,0
10,108,0,0
10,109,0,0
11,1,0,64
11,2,0,21
11,3,0,56
11,4,0,0
11,5,0,64
11,6,0,42
11,7,0,53
11,9,0,64
11,10,0,89
11,11,0,53
11,13,0,64
11,14,0,114
11,15,0,56
11,16,0,0
11,17,0,1
11,18,0,0
11,19,0,44
11,20,0,0
11,22,4,37
11,22,5,37
11,22,6,37
11,22,7,37
11,23,7,98
11,24,7,1
11,32,0,0
11,32,1,0
11,32,2,0
11,32,3,0
11,32,4,0
11,32,5,0
11,32,6,0
11,32,16,0
11,32,17,0
11,64,0,3
11,80,0,1
11,80,1,1
11,80,2,1
11,80,3,1
11,80,4,1
11,80,5,1
11,80,6,1
11,80,7,1
11,80,16,0
11,80,17,0
11,81,7,0
11,82,0,64
11,84,0,64
11,85,0,1
11,85,1,1
11,85,2,1
11,85,3,1
11,85,4,1
11,85,5,1
11,85,6,1
11,85,7,1
11,85,16,1
11,85,17,1
11,87,0,0
11,88,0,53
11,89,0,0
11,90,0,0
11,105,0,0
11,106,0,0
11,107,0,0
11,108,0,0
11,109,0,0
32,1,0,64
32,2,0,21
32,3,0,56
32,4,0,0
32,5,0,64
32,6,0,42
32,7,0,53
32,9,0,64
32,10,0,89
32,11,0,53
32,13,0,64
32,14,0,114
32,15,0,56
32,16,0,0
32,17,0,1
32,18,0,0
32,19,0,44
32,20,0,0
32,22,4,37
32,22,5,37
32,22,6,37
32,22,7,37
32,23,7,0
32,24,7,1
32,25,0,64
32,32,0,0
32,32,1,0
32,32,2,0
32,32,3,0
32,32,4,0
32,32,5,0
32,32,6,0
32,32,16,0
32,32,17,0
32,64,0,3
32,65,0,11
32,66,0,54
32,67,0,60
32,68,0,51
32,69,0,42
32,70,0,0
32,80,0,1
32,80,1,1
32,80,2,1
32,80,3,1
32,80,4,1
32,80,5,1
32,80,6,1
32,80,7,1
32,80,16,0
32,80,17,0
32,81,7,0
32,82,0,64
32,85,0,1
32,85,1,1
32,85,2,1
32,85,3,1
32,85,4,1
32,85,5,1
32,85,6,1
32,85,7,1
32,85,16,1
32,85,17,1
32,87,0,0
32,88,0,53
32,89,0,0
32,90,0,0
32,97,0,1
32,98,0,50
32,99,0,17
32,100,0,0
32,101,0,87
32,102,0,91
32,103,0,0
32,104,0,0
32,105,0,0
32,106,0,0
32,107,0,0
32,108,0,0
32,109,0,0
33,1,0,64
33,2,0,21
33,3,0,56
33,4,0,0
33,5,0,64
33,6,0,42
33,7,0,53
33,9,0,64
33,10,0,89
33,11,0,53
33,13,0,64
33,14,0,114
33,15,0,56
33,16,0,0
33,17,0,1
33,18,0,0
33,19,0,44
33,20,0,0
33,22,4,37
33,22,5,37
33,22,6,37
33,22,7,37
33,23,7,0
33,24,7,1
33,25,0,64
33,32,0,0
33,32,1,0
33,32,2,0
33,32,3,0
33,32,4,0
33,32,5,0
33,32,6,0
33,32,16,0
33,32,17,0
33,64,0,3
33,65,0,11
33,66,0,54
33,67,0,60
33,68,0,51
33,69,0,42
33,70,0,0
33,80,0,1
33,80,1,1
33,80,2,1
33,80,3,1
33,80,4,1
33,80,5,1
33,80,6,1
33,80,7,1
33,80,16,0
33,80,17,0
33,81,7,0
33,82,0,64
33,85,0,1
33,85,1,1
33,85,2,1
33,85,3,1
33,85,4,1
33,85,5,1
33,85,6,1
33,85,7,1
33,85,16,1
33,85,17,1
33,87,0,0
33,88,0,53
33,89,0,0
33,90,0,0
33,97,0,1
33,98,0,50
33,99,0,17
33,100,0,0
33,101,0,87
33,102,0,91
33,103,0,0
33,104,0,0
33,105,0,0
33,106,0,0
33,107,0,0
33,108,0,0
33,109,0,0
34,1,0,64
34,2,0,21
34,3,0,56
34,4,0,0
34,5,0,64
34,6,0,42
34,7,0,53
34,9,0,64
34,10,0,89
34,11,0,53
34,13,0,64
34,14,0,114
34,15,0,56
34,16,0,0
34,17,0,1
34,18,0,0
34,19,0,44
34,20,0,0
34,22,4,37
34,22,5,37
34,22,6,37
34,22,7,37
34,23,7,0
34,24,7,1
34,25,0,64
34,32,0,0
34,32,1,0
34,32,2,0
34,32,3,0
34,32,4,0
34,32,5,0
34,32,6,0
34,32,16,0
34,32,17,0
34,64,0,3
34,65,0,11
34,66,0,54
34,67,0,60
34,68,0,51
34,69,0,42
34,70,0,0
34,80,0,1
34,80,1,1
34,80,2,1
34,80,3,1
34,80,4,1
34,80,5,1
34,80,6,1
34,80,7,1
34,80,16,0
34,80,17,0
34,81,7,0
34,82,0,64
34,85,0,1
34,85,1,1
34,85,2,1
34,85,3,1
34,85,4,1
34,85,5,1
34,85,6,1
34,85,7,1
34,85,16,1
34,85,17,1
34,87,0,0
34,88,0,53
34,89,0,0
34,90,0,0
34,97,0,1
34,98,0,50
34,99,0,17
34,100,0,0
34,101,0,87
34,102,0,91
34,103,0,0
34,104,0,0
34,105,0,0
34,106,0,0
34,107,0,0
34,108,0,0
34,109,0,0
35,1,0,64
35,2,0,21
35,3,0,56
35,4,0,0
35,5,0,64
35,6,0,42
35,7,0,53
35,9,0,64
35,10,0,89
35,11,0,53
35,13,0,64
35,14,0,114
35,15,0,56
35,16,0,0
35,17,0,1
35,18,0,0
35,19,0,44
35,20,0,0
35,22,4,37
35,22,5,37
35,22,6,37
35,22,7,37
35,23,7,0
35,24,7,1
35,25,0,64
35,32,0,0
35,32,1,0
35,32,2,0
35,32,3,0
35,32,4,0
35,32,5,0
35,32,6,0
35,32,16,0
35,32,17,0
35,64,0,3
35,65,0,11
35,66,0,54
35,67,0,60
35,68,0,51
35,69,0,42
35,70,0,0
35,80,0,1
35,80,1,1
35,80,2,1
35,80,3,1
35,80,4,1
35,80,5,1
35,80,6,1
35,80,7,1
35,80,16,0
35,80,17,0
35,81,7,0
35,82,0,64
35,85,0,1
35,85,1,1
35,85,2,1
35,85,3,1
35,85,4,1
35,85,5,1
35,85,6,1
35,85,7,1
35,85,16,1
35,85,17,1
35,87,0,0
35,88,0,53
35,89,0,0
35,90,0,0
35,97,0,1
35,98,0,50
35,99,0,17
35,100,0,0
35,101,0,87
35,102,0,91
35,103,0,0
35,104,0,0
35,105,0,0
35,106,0,0
35,107,0,0
35,108,0,0
35,109,0,0
36,1,0,64
36,2,0,21
36,3,0,56
36,4,0,0
36,5,0,64
36,6,0,42
36,7,0,53
36,9,0,64
36,10,0,89
36,11,0,53
36,13,0,64
36,14,0,114
36,15,0,56
36,16,0,0
36,17,0,1
36,18,0,0
36,19,0,44
36,20,0,0
36,22,4,37
36,22,5,37
36,22,6,37
36,22,7,37
36,23,7,0
36,24,7,1
36,25,0,64
36,32,0,0
36,32,1,0
36,32,2,0
36,32,3,0
36,32,4,0
36,32,5,0
36,32,6,0
36,32,16,0
36,32,17,0
36,64,0,3
36,65,0,11
36,66,0,54
36,67,0,60
36,68,0,51
36,69,0,42
36,70,0,0
36,80,0,1
36,80,1,1
36,80,2,1
36,80,3,1
36,80,4,1
36,80,5,1
36,80,6,1
36,80,7,1
36,80,16,0
36,80,17,0
36,81,7,0
36,82,0,64
36,85,0,1
36,85,1,1
36,85,2,1
36,85,3,1
36,85,4,1
36,85,5,1
36,85,6,1
36,85,7,1
36,85,16,1
36,85,17,1
36,87,0,0
36,88,0,53
36,89,0,0
36,90,0,0
36,97,0,1
36,98,0,50
36,99,0,17
36,100,0,0
36,101,0,87
36,102,0,91
36,103,0,0
36,104,0,0
36,105,0,0
36,106,0,0
36,107,0,0
36,108,0,0
36,109,0,0
37,1,0,64
37,2,0,21
37,3,0,56
37,4,0,0
37,5,0,64
37,6,0,42
37,7,0,53
37,9,0,64
37,10,0,89
37,11,0,53
37,13,0,64
37,14,0,114
37,15,0,56
37,16,0,0
37,17,0,1
37,18,0,0
37,19,0,44
37,20,0,0
37,22,4,37
37,22,5,37
37,22,6,37
37,22,7,37
37,23,7,0
37,24,7,1
37,25,0,64
37,32,0,0
37,32,1,0
37,32,2,0
37,32,3,0
37,32,4,0
37,32,5,0
37,32,6,0
37,32,16,0
37,32,17,0
37,64,0,3
37,65,0,11
37,66,0,54
37,67,0,60
37,68,0,51
37,69,0,42
37,70,0,0
37,80,0,1
37,80,1,1
37,80,2,1
37,80,3,1
37,80,4,1
37,80,5,1
37,80,6,1
37,80,7,1
37,80,16,0
37,80,17,0
37,81,7,0
37,82,0,64
37,85,0,1
37,85,1,1
37,85,2,1
37,85,3,1
37,85,4,1
37,85,5,1
37,85,6,1
37,85,7,1
37,85,16,1
37,85,17,1
37,87,0,0
37,88,0,53
37,89,0,0
37,90,0,0
37,97,0,1
37,98,0,50
37,99,0,17
37,100,0,0
37,101,0,87
37,102,0,91
37,103,0,0
37,104,0,0
37,105,0,0
37,106,0,0
37,107,0,0
37,108,0,0
37,109,0,0
38,1,0,64
38,2,0,21
38,3,0,56
38,4,0,0
38,5,0,64
38,6,0,42
38,7,0,53
38,9,0,64
38,10,0,89
38,11,0,53
38,13,0,64
38,14,0,114
38,15,0,56
38,16,0,0
38,17,0,1
38,18,0,0
38,19,0,44
38,20,0,0
38,22,4,37
38,22,5,37
38,22,6,37
38,22,7,37
38,23,7,0
38,24,7,1
38,25,0,64
38,32,0,0
38,32,1,0
38,32,2,0
38,32,3,0
38,32,4,0
38,32,5,0
38,32,6,0
38,32,16,0
38,32,17,0
38,64,0,3
38,65,0,11
38,66,0,54
38,67,0,60
38,68,0,51
38,69,0,42
38,70,0,0
38,80,0,1
38,80,1,1
38,80,2,1
38,80,3,1
38,80,4,1
38,80,5,1
38,80,6,1
38,80,7,1
38,80,16,0
38,80,17,0
38,81,7,0
38,82,0,64
38,85,0,1
38,85,1,1
38,85,2,1
38,85,3,1
38,85,4,1
38,85,5,1
38,85,6,1
38,85,7,1
38,85,16,1
38,85,17,1
38,87,0,0
38,88,0,53
38,89,0,0
38,90,0,0
38,97,0,1
38,98,0,50
38,99,0,17
38,100,0,0
38,101,0,87
38,102,0,91
38,103,0,0
38,104,0,0
38,105,0,0
38,106,0,0
38,107,0,0
38,108,0,0
38,109,0,0
39,1,0,64
39,2,0,21
39,3,0,56
39,4,0,0
39,5,0,64
39,6,0,42
39,7,0,53
39,9,0,64
39,10,0,89
39,11,0,53
39,13,0,64
39,14,0,114
39,15,0,56
39,16,0,0
39,17,0,1
39,18,0,0
39,19,0,44
39,20,0,0
39,22,4,37
39,22,5,37
39,22,6,37
39,22,7,37
39,23,7,0
39,24,7,1
39,25,0,64
39,32,0,0
39,32,1,0
39,32,2,0
39,32,3,0
39,32,4,0
39,32,5,0
39,32,6,0
39,32,16,0
39,32,17,0
39,64,0,3
39,65,0,11
39,66,0,54
39,67,0,60
39,68,0,51
39,69,0,42
39,70,0,0
39,80,0,1
39,80,1,1
39,80,2,1
39,80,3,1
39,80,4,1
39,80,5,1
39,80,6,1
39,80,7,1
39,80,16,0
39,80,17,0
39,81,7,0
39,82,0,64
39,85,0,1
39,85,1,1
39,85,2,1
39,85,3,1
39,85,4,1
39,85,5,1
39,85,6,1
39,85,7,1
39,85,16,1
39,85,17,1
39,87,0,0
39,88,0,53
39,89,0,0
39,90,0,0
39,97,0,1
39,98,0,50
39,99,0,17
39,100,0,0
39,101,0,87
39,102,0,91
39,103,0,0
39,104,0,0
39,105,0,0
39,106,0,0
39,107,0,0
39,108,0,0
39,109,0,0
40,1,0,64
40,2,0,21
40,3,0,56
40,4,0,0
40,5,0,64
40,6,0,42
40,7,0,53
40,9,0,64
40,10,0,89
40,11,0,53
40,13,0,64
40,14,0,114
40,15,0,56
40,16,0,0
40,17,0,1
40,18,0,0
40,19,0,44
40,20,0,0
40,22,4,37
40,22,5,37
40,22,6,37
40,22,7,37
40,23,7,0
40,24,7,1
40,25,0,64
40,32,0,0
40,32,1,0
40,32,2,0
40,32,3,0
40,32,4,0
40,32,5,0
40,32,6,0
40,32,16,0
40,32,17,0
40,64,0,3
40,65,0,11
40,66,0,54
40,67,0,60
40,68,0,51
40,69,0,42
40,70,0,0
40,80,0,1
40,80,1,1
40,80,2,1
40,80,3,1
40,80,4,1
40,80,5,1
40,80,6,1
40,80,7,1
40,80,16,0
40,80,17,0
40,81,7,0
40,82,0,64
40,85,0,1
40,85,1,1
40,85,2,1
40,85,3,1
40,85,4,1
40,85,5,1
40,85,6,1
40,85,7,1
40,85,16,1
40,85,17,1
40,87,0,0
40,88,0,53
40,89,0,0
40,90,0,0
40,97,0,1
40,98,0,50
40,99,0,17
40,100,0,0
40,101,0,87
40,102,0,91
40,103,0,0
40,104,0,0
40,105,0,0
40,106,0,0
40,107,0,0
40,108,0,0
40,109,0,0
41,1,0,64
41,2,0,21
41,3,0,56
41,4,0,0
41,5,0,64
41,6,0,42
41,7,0,53
41,9,0,64
41,10,0,89
41,11,0,53
41,13,0,64
41,14,0,114
41,15,0,56
41,16,0,0
41,17,0,1
41,18,0,0
41,19,0,44
41,20,0,0
41,22,4,37
41,22,5,37
41,22,6,37
41,22,7,37
41,23,7,0
41,24,7,1
41,25,0,64
41,32,0,0
41,32,1,0
41,32,2,0
41,32,3,0
41,32,4,0
41,32,5,0
41,32,6,0
41,32,16,0
41,32,17,0
41,64,0,3
41,65,0,11
41,66,0,54
41,67,0,60
41,68,0,51
41,69,0,42
41,70,0,0
41,80,0,1
41,80,1,1
41,80,2,1
41,80,3,1
41,80,4,1
41,80,5,1
41,80,6,1
41,80,7,1
41,80,16,0
41,80,17,0
41,81,7,0
41,82,0,64
41,85,0,1
41,85,1,1
41,85,2,1
41,85,3,1
41,85,4,1
41,85,5,1
41,85,6,1
41,85,7,1
41,85,16,1
41,85,17,1
41,87,0,0
41,88,0,53
41,89,0,0
41,90,0,0
41,97,0,1
41,98,0,50
41,99,0,17
41,100,0,0
41,101,0,87
41,102,0,91
41,103,0,0
41,104,0,0
41,105,0,0
41,106,0,0
41,107,0,0
41,108,0,0
41,109,0,0
42,1,0,64
42,2,0,21
42,3,0,56
42,4,0,0
42,5,0,64
42,6,0,42
42,7,0,53
42,9,0,64
42,10,0,89
42,11,0,53
42,13,0,64
42,14,0,114
42,15,0,56
42,16,0,0
42,17,0,1
42,18,0,0
42,19,0,44
42,20,0,0
42,22,4,37
42,22,5,37
42,22,6,37
42,22,7,37
42,23,7,0
42,24,7,1
42,25,0,64
42,32,0,0
42,32,1,0
42,32,2,0
42,32,3,0
42,32,4,0
42,32,5,0
42,32,6,0
42,32,16,0
42,32,17,0
42,64,0,3
42,65,0,11
42,66,0,54
42,67,0,60
42,68,0,51
42,69,0,42
42,70,0,0
42,80,0,1
42,80,1,1
42,80,2,1
42,80,3,1
42,80,4,1
42,80,5,1
42,80,6,1
42,80,7,1
42,80,16,0
42,80,17,0
42,81,7,0
42,82,0,64
42,85,0,1
42,85,1,1
42,85,2,1
42,85,3,1
42,85,4,1
42,85,5,1
42,85,6,1
42,85,7,1
42,85,16,1
42,85,17,1
42,87,0,0
42,88,0,53
42,89,0,0
42,90,0,0
42,97,0,1
42,98,0,50
42,99,0,17
42,100,0,0
42,101,0,87
42,102,0,91
42,103,0,0
42,104,0,0
42,105,0,0
42,106,0,0
42,107,0,0
42,108,0,0
42,109,0,0
43,1,0,64
43,2,0,21
43,3,0,56
43,4,0,0
43,5,0,64
43,6,0,42
43,7,0,53
43,9,0,64
43,10,0,89
43,11,0,53
43,13,0,64
43,14,0,114
43,15,0,56
43,16,0,0
43,17,0,1
43,18,0,0
43,19,0,44
43,20,0,0
43,22,4,37
43,22,5,37
43,22,6,37
43,22,7,37
43,23,7,0
43,24,7,1
43,25,0,64
43,32,0,0
43,32,1,0
43,32,2,0
43,32,3,0
43,32,4,0
43,32,5,0
43,32,6,0
43,32,16,0
43,32,17,0
43,64,0,3
43,65,0,11
43,66,0,54
43,67,0,60
43,68,0,51
43,69,0,42
43,70,0,0
43,80,0,1
43,80,1,1
43,80,2,1
43,80,3,1
43,80,4,1
43,80,5,1
43,80,6,1
43,80,7,1
43,80,16,0
43,80,17,0
43,81,7,0
43,82,0,64
43,85,0,1
43,85,1,1
43,85,2,1
43,85,3,1
43,85,4,1
43,85,5,1
43,85,6,1
43,85,7,1
43,85,16,1
43,85,17,1
43,87,0,0
43,88,0,53
43,89,0,0
43,90,0,0
43,97,0,1
43,98,0,50
43,99,0,17
43,100,0,0
43,101,0,87
43,102,0,91
43,103,0,0
43,104,0,0
43,105,0,0
43,106,0,0
43,107,0,0
43,108,0,0
43,109,0,0
44,1,0,64
44,2,0,21
44,3,0,56
44,4,0,0
44,5,0,64
44,6,0,42
44,7,0,53
44,9,0,64
44,10,0,89
44,11,0,53
44,13,0,64
44,14,0,114
44,15,0,56
44,16,0,0
44,17,0,1
44,18,0,0
44,19,0,44
44,20,0,0
44,22,4,37
44,22,5,37
44,22,6,37
44,22,7,37
44,23,7,0
44,24,7,1
44,25,0,64
44,32,0,0
44,32,1,0
44,32,2,0
44,32,3,0
44,32,4,0
44,32,5,0
44,32,6,0
44,32,16,0
44,32,17,0
44,64,0,3
44,65,0,11
44,66,0,54
44,67,0,60
44,68,0,51
44,69,0,42
44,70,0,0
44,80,0,1
44,80,1,1
44,80,2,1
44,80,3,1
44,80,4,1
44,80,5,1
44,80,6,1
44,80,7,1
44,80,16,0
44,80,17,0
44,81,7,0
44,82,0,64
44,85,0,1
44,85,1,1
44,85,2,1
44,85,3,1
44,85,4,1
44,85,5,1
44,85,6,1
44,85,7,1
44,85,16,1
44,85,17,1
44,87,0,0
44,88,0,53
44,89,0,0
44,90,0,0
44,97,0,1
44,98,0,50
44,99,0,17
44,100,0,0
44,101,0,87
44,102,0,91
44,103,0,0
44,104,0,0
44,105,0,0
44,106,0,0
44,107,0,0
44,108,0,0
44,109,0,0
45,1,0,64
45,2,0,21
45,3,0,56
45,4,0,0
45,5,0,64
45,6,0,42
45,7,0,53
45,9,0,64
45,10,0,89
45,11,0,53
45,13,0,64
45,14,0,114
45,15,0,56
45,16,0,0
45,17,0,1
45,18,0,0
45,19,0,44
45,20,0,0
45,22,4,37
45,22,5,37
45,22,6,37
45,22,7,37
45,23,7,0
45,24,7,1
45,25,0,64
45,32,0,0
45,32,1,0
45,32,2,0
45,32,3,0
45,32,4,0
45,32,5,0
45,32,6,0
45,32,16,0
45,32,17,0
45,64,0,3
45,65,0,11
45,66,0,54
45,67,0,60
45,68,0,51
45,69,0,42
45,70,0,0
45,80,0,1
45,80,1,1
45,80,2,1
45,80,3,1
45,80,4,1
45,80,5,1
45,80,6,1
45,80,7,1
45,80,16,0
45,80,17,0
45,81,7,0
45,82,0,64
45,85,0,1
45,85,1,1
45,85,2,1
45,85,3,1
45,85,4,1
45,85,5,1
45,85,6,1
45,85,7,1
45,85,16,1
45,85,17,1
45,87,0,0
45,88,0,53
45,89,0,0
45,90,0,0
45,97,0,1
45,98,0,50
45,99,0,17
45,100,0,0
45,101,0,87
45,102,0,91
45,103,0,0
45,104,0,0
45,105,0,0
45,106,0,0
45,107,0,0
45,108,0,0
45,109,0,0
46,1,0,64
46,2,0,21
46,3,0,56
46,4,0,0
46,5,0,64
46,6,0,42
46,7,0,53
46,9,0,64
46,10,0,89
46,11,0,53
46,13,0,64
46,14,0,114
46,15,0,56
46,16,0,0
46,17,0,1
46,18,0,0
46,19,0,44
46,20,0,0
46,22,4,37
46,22,5,37
46,22,6,37
46,22,7,37
46,23,7,0
46,24,7,1
46,25,0,64
46,32,0,0
46,32,1,0
46,32,2,0
46,32,3,0
46,32,4,0
46,32,5,0
46,32,6,0
46,32,16,0
46,32,17,0
46,64,0,3
46,65,0,11
46,66,0,54
46,67,0,60
46,68,0,51
46,69,0,42
46,70,0,0
46,80,0,1
46,80,1,1
46,80,2,1
46,80,3,1
46,80,4,1
46,80,5,1
46,80,6,1
46,80,7,1
46,80,16,0
46,80,17,0
46,81,7,0
46,82,0,64
46,85,0,1
46,85,1,1
46,85,2,1
46,85,3,1
46,85,4,1
46,85,5,1
46,85,6,1
46,85,7,1
46,85,16,1
46,85,17,1
46,87,0,0
46,88,0,53
46,89,0,0
46,90,0,0
46,97,0,1
46,98,0,50
46,99,0,17
46,100,0,0
46,101,0,87
46,102,0,91
46,103,0,0
46,104,0,0
46,105,0,0
46,106,0,0
46,107,0,0
46,108,0,0
46,109,0,0
47,1,0,64
47,2,0,21
47,3,0,56
47,4,0,0
47,5,0,64
47,6,0,42
47,7,0,53
47,9,0,64
47,10,0,89
47,11,0,53
47,13,0,64
47,14,0,114
47,15,0,56
47,16,0,0
47,17,0,1
47,18,0,0
47,19,0,44
47,20,0,0
47,22,4,37
47,22,5,37
47,22,6,37
47,22,7,37
47,23,7,0
47,24,7,1
47,25,0,64
47,32,0,0
47,32,1,0
47,32,2,0
47,32,3,0
47,32,4,0
47,32,5,0
47,32,6,0
47,32,16,0
47,32,17,0
47,64,0,3
47,65,0,11
47,66,0,54
47,67,0,60
47,68,0,51
47,69,0,42
47,70,0,0
47,80,0,1
47,80,1,1
47,80,2,1
47,80,3,1
47,80,4,1
47,80,5,1
47,80,6,1
47,80,7,1
47,80,16,0
47,80,17,0
47,81,7,0
47,82,0,64
47,85,0,1
47,85,1,1
47,85,2,1
47,85,3,1
47,85,4,1
47,85,5,1
47,85,6,1
47,85,7,1
47,85,16,1
47,85,17,1
47,87,0,0
47,88,0,53
47,89,0,0
47,90,0,0
47,97,0,1
47,98,0,50
47,99,0,17
47,100,0,0
47,101,0,87
47,102,0,91
47,103,0,0
47,104,0,0
47,105,0,0
47,106,0,0
47,107,0,0
47,108,0,0
47,109,0,0
48,1,0,64
48,2,0,21
48,3,0,56
48,4,0,0
48,5,0,64
48,6,0,42
48,7,0,53
48,9,0,64
48,10,0,89
48,11,0,53
48,13,0,64
48,14,0,114
48,15,0,56
48,16,0,0
48,17,0,1
48,18,0,0
48,19,0,44
48,20,0,0
48,22,4,37
48,22,5,37
48,22,6,37
48,22,7,37
48,23,7,0
48,24,7,1
48,25,0,64
48,32,0,0
48,32,1,0
48,32,2,0
48,32,3,0
48,32,4,0
48,32,5,0
48,32,6,0
48,32,16,0
48,32,17,0
48,64,0,3
48,65,0,11
48,66,0,54
48,67,0,60
48,68,0,51
48,69,0,42
48,70,0,0
48,80,0,1
48,80,1,1
48,80,2,1
48,80,3,1
48,80,4,1
48,80,5,1
48,80,6,1
48,80,7,1
48,80,16,0
48,80,17,0
48,81,7,0
48,82,0,64
48,85,0,1
48,85,1,1
48,85,2,1
48,85,3,1
48,85,4,1
48,85,5,1
48,85,6,1
48,85,7,1
48,85,16,1
48,85,17,1
48,87,0,0
48,88,0,53
48,89,0,0
48,90,0,0
48,97,0,1
48,98,0,50
48,99,0,17
48,100,0,0
48,101,0,87
48,102,0,91
48,103,0,0
48,104,0,0
48,105,0,0
48,106,0,0
48,107,0,0
48,108,0,0
48,109,0,0
49,1,0,64
49,2,0,21
49,3,0,56
49,4,0,0
49,5,0,64
49,6,0,42
49,7,0,53
49,9,0,64
49,10,0,89
49,11,0,53
49,13,0,64
49,14,0,114
49,15,0,56
49,16,0,0
49,17,0,1
49,18,0,0
49,19,0,44
49,20,0,0
49,22,4,37
49,22,5,37
49,22,6,37
49,22,7,37
49,23,7,0
49,24,7,1
49,25,0,64
49,32,0,0
49,32,1,0
49,32,2,0
49,32,3,0
49,32,4,0
49,32,5,0
49,32,6,0
49,32,16,0
49,32,17,0
49,64,0,3
49,65,0,11
49,66,0,54
49,67,0,60
49,68,0,51
49,69,0,42
49,70,0,0
49,80,0,1
49,80,1,1
49,80,2,1
49,80,3,1
49,80,4,1
49,80,5,1
49,80,6,1
49,80,7,1
49,80,16,0
49,80,17,0
49,81,7,0
49,82,0,64
49,85,0,1
49,85,1,1
49,85,2,1
49,85,3,1
49,85,4,1
49,85,5,1
49,85,6,1
49,85,7,1
49,85,16,1
49,85,17,1
49,87,0,0
49,88,0,53
49,89,0,0
49,90,0,0
49,97,0,1
49,98,0,50
49,99,0,17
49,100,0,0
49,101,0,87
49,102,0,91
49,103,0,0
49,104,0,0
49,105,0,0
49,106,0,0
49,107,0,0
49,108,0,0
49,109,0,0
50,1,0,64
50,2,0,21
50,3,0,56
50,4,0,0
50,5,0,64
50,6,0,42
50,7,0,53
50,9,0,64
50,10,0,89
50,11,0,53
50,13,0,64
50,14,0,114
50,15,0,56
50,16,0,0
50,17,0,1
50,18,0,0
50,19,0,44
50,20,0,0
50,22,4,37
50,22,5,37
50,22,6,37
50,22,7,37
50,23,7,0
50,24,7,1
50,25,0,64
50,32,0,0
50,32,1,0
50,32,2,0
50,32,3,0
50,32,4,0
50,32,5,0
50,32,6,0
50,32,16,0
50,32,17,0
50,64,0,3
50,65,0,11
50,66,0,54
50,67,0,60
50,68,0,51
50,69,0,42
50,70,0,0
50,80,0,1
50,80,1,1
50,80,2,1
50,80,3,1
50,80,4,1
50,80,5,1
50,80,6,1
50,80,7,1
50,80,16,0
50,80,17,0
50,81,7,0
50,82,0,64
50,85,0,1
50,85,1,1
50,85,2,1
50,85,3,1
50,85,4,1
50,85,5,1
50,85,6,1
50,85,7,1
50,85,16,1
50,85,17,1
50,87,0,0
50,88,0,53
50,89,0,0
50,90,0,0
50,97,0,1
50,98,0,50
50,99,0,17
50,100,0,0
50,101,0,87
50,102,0,91
50,103,0,0
50,104,0,0
50,105,0,0
50,106,0,0
50,107,0,0
50,108,0,0
50,109,0,0
51,1,0,64
51,2,0,21
51,3,0,56
51,4,0,0
51,5,0,64
51,6,0,42
51,7,0,53
51,9,0,64
51,10,0,89
51,11,0,53
51,13,0,64
51,14,0,114
51,15,0,56
51,16,0,0
51,17,0,1
51,18,0,0
51,19,0,44
51,20,0,0
51,22,4,37
51,22,5,37
51,22,6,37
51,22,7,37
51,23,7,0
51,24,7,1
51,25,0,64
51,32,0,0
51,32,1,0
51,32,2,0
51,32,3,0
51,32,4,0
51,32,5,0
51,32,6,0
51,32,16,0
51,32,17,0
51,64,0,3
51,65,0,11
51,66,0,54
51,67,0,60
51,68,0,51
51,69,0,42
51,70,0,0
51,80,0,1
51,80,1,1
51,80,2,1
51,80,3,1
51,80,4,1
51,80,5,1
51,80,6,1
51,80,7,1
51,80,16,0
51,80,17,0
51,81,7,0
51,82,0,64
51,85,0,1
51,85,1,1
51,85,2,1
51,85,3,1
51,85,4,1
51,85,5,1
51,85,6,1
51,85,7,1
51,85,16,1
51,85,17,1
51,87,0,0
51,88,0,53
51,89,0,0
51,90,0,0
51,97,0,1
51,98,0,50
51,99,0,17
51,100,0,0
51,101,0,87
51,102,0,91
51,103,0,0
51,104,0,0
51,105,0,0
51,106,0,0
51,107,0,0
51,108,0,0
51,109,0,0
52,1,0,64
52,2,0,21
52,3,0,56
52,4,0,0
52,5,0,64
52,6,0,42
52,7,0,53
52,9,0,64
52,10,0,89
52,11,0,53
52,13,0,64
52,14,0,114
52,15,0,56
52,16,0,0
52,17,0,1
52,18,0,0
52,19,0,44
52,20,0,0
52,22,4,37
52,22,5,37
52,22,6,37
52,22,7,37
52,23,7,0
52,24,7,1
52,25,0,64
52,32,0,0
52,32,1,0
52,32,2,0
52,32,3,0
52,32,4,0
52,32,5,0
52,32,6,0
52,32,16,0
52,32,17,0
52,64,0,3
52,65,0,11
52,66,0,54
52,67,0,60
52,68,0,51
52,69,0,42
52,70,0,0
52,80,0,1
52,80,1,1
52,80,2,1
52,80,3,1
52,80,4,1
52,80,5,1
52,80,6,1
52,80,7,1
52,80,16,0
52,80,17,0
52,81,7,0
52,82,0,64
52,85,0,1
52,85,1,1
52,85,2,1
52,85,3,1
52,85,4,1
52,85,5,1
52,85,6,1
52,85,7,1
52,85,16,1
52,85,17,1
52,87,0,0
52,88,0,53
52,89,0,0
52,90,0,0
52,97,0,1
52,98,0,50
52,99,0,17
52,100,0,0
52,101,0,87
52,102,0,91
52,103,0,0
52,104,0,0
52,105,0,0
52,106,0,0
52,107,0,0
52,108,0,0
52,109,0,0
53,1,0,64
53,2,0,21
53,3,0,56
53,4,0,0
53,5,0,64
53,6,0,42
53,7,0,53
53,9,0,64
53,10,0,89
53,11,0,53
53,13,0,64
53,14,0,114
53,15,0,56
53,16,0,0
53,17,0,1
53,18,0,0
53,19,0,44
53,20,0,0
53,22,4,37
53,22,5,37
53,22,6,37
53,22,7,37
53,23,7,0
53,24,7,1
53,25,0,64
53,32,0,0
53,32,1,0
53,32,2,0
53,32,3,0
53,32,4,0
53,32,5,0
53,32,6,0
53,32,16,0
53,32,17,0
53,64,0,3
53,65,0,11
53,66,0,54
53,67,0,60
53,68,0,51
53,69,0,42
53,70,0,0
53,80,0,1
53,80,1,1
53,80,2,1
53,80,3,1
53,80,4,1
53,80,5,1
53,80,6,1
53,80,7,1
53,80,16,0
53,80,17,0
53,81,7,0
53,82,0,64
53,85,0,1
53,85,1,1
53,85,2,1
53,85,3,1
53,85,4,1
53,85,5,1
53,85,6,1
53,85,7,1
53,85,16,1
53,85,17,1
53,87,0,0
53,88,0,53
53,89,0,0
53,90,0,0
53,97,0,1
53,98,0,50
53,99,0,17
53,100,0,0
53,101,0,87
53,102,0,91
53,103,0,0
53,104,0,0
53,105,0,0
53,106,0,0
53,107,0,0
53,108,0,0
53,109,0,0
54,1,0,64
54,2,0,21
54,3,0,56
54,4,0,0
54,5,0,64
54,6,0,42
54,7,0,53
54,9,0,64
54,10,0,89
54,11,0,53
54,13,0,64
54,14,0,114
54,15,0,56
54,16,0,0
54,17,0,1
54,18,0,0
54,19,0,44
54,20,0,0
54,22,4,37
54,22,5,37
54,22,6,37
54,22,7,37
54,23,7,0
54,24,7,1
54,25,0,64
54,32,0,0
54,32,1,0
54,32,2,0
54,32,3,0
54,32,4,0
54,32,5,0
54,32,6,0
54,32,16,0
54,32,17,0
54,64,0,3
54,65,0,11
54,66,0,54
54,67,0,60
54,68,0,51
54,69,0,42
54,70,0,0
54,80,0,1
54,80,1,1
54,80,2,1
54,80,3,1
54,80,4,1
54,80,5,1
54,80,6,1
54,80,7,1
54,80,16,0
54,80,17,0
54,81,7,0
54,82,0,64
54,85,0,1
54,85,1,1
54,85,2,1
54,85,3,1
54,85,4,1
54,85,5,1
54,85,6,1
54,85,7,1
54,85,16,1
54,85,17,1
54,87,0,0
54,88,0,53
54,89,0,0
54,90,0,0
54,97,0,1
54,98,0,50
54,99,0,17
54,100,0,0
54,101,0,87
54,102,0,91
54,103,0,0
54,104,0,0
54,105,0,0
54,106,0,0
54,107,0,0
54,108,0,0
54,109,0,0
55,1,0,64
55,2,0,21
55,3,0,56
55,4,0,0
55,5,0,64
55,6,0,42
55,7,0,53
55,9,0,64
55,10,0,89
55,11,0,53
55,13,0,64
55,14,0,114
55,15,0,56
55,16,0,0
55,17,0,1
55,18,0,0
55,19,0,44
55,20,0,0
55,22,4,37
55,22,5,37
55,22,6,37
55,22,7,37
55,23,7,0
55,24,7,1
55,25,0,64
55,32,0,0
55,32,1,0
55,32,2,0
55,32,3,0
55,32,4,0
55,32,5,0
55,32,6,0
55,32,16,0
55,32,17,0
55,64,0,3
55,65,0,11
55,66,0,54
55,67,0,60
55,68,0,51
55,69,0,42
55,70,0,0
55,80,0,1
55,80,1,1
55,80,2,1
55,80,3,1
55,80,4,1
55,80,5,1
55,80,6,1
55,80,7,1
55,80,16,0
55,80,17,0
55,81,7,0
55,82,0,64
55,85,0,1
55,85,1,1
55,85,2,1
55,85,3,1
55,85,4,1
55,85,5,1
55,85,6,1
55,85,7,1
55,85,16,1
55,85,17,1
55,87,0,0
55,88,0,53
55,89,0,0
55,90,0,0
55,97,0,1
55,98,0,50
55,99,0,17
55,100,0,0
55,101,0,87
55,102,0,91
55,103,0,0
55,104,0,0
55,105,0,0
55,106,0,0
55,107,0,0
55,108,0,0
55,109,0,0
56,22,4,37
56,22,5,37
56,22,6,37
56,22,7,37
56,23,7,0
56,24,7,1
56,32,0,0
56,32,1,0
56,32,2,0
56,32,3,0
56,32,4,0
56,32,5,0
56,32,6,0
56,32,16,0
56,32,17,0
56,64,0,3
56,65,0,11
56,66,0,54
56,67,0,60
56,68,0,51
56,69,0,42
56,70,0,0
56,80,0,1
56,80,1,1
56,80,2,1
56,80,3,1
56,80,4,1
56,80,5,1
56,80,6,1
56,80,7,1
56,80,16,0
56,80,17,0
56,81,7,0
56,85,0,1
56,85,1,1
56,85,2,1
56,85,3,1
56,85,4,1
56,85,5,1
56,85,6,1
56,85,7,1
56,85,16,1
56,85,17,1
57,22,4,37
57,22,5,37
57,22,6,37
57,22,7,37
57,23,7,0
57,24,7,1
57,32,0,0
57,32,1,0
57,32,2,0
57,32,3,0
57,32,4,0
57,32,5,0
57,32,6,0
57,32,16,0
57,32,17,0
57,64,0,3
57,65,0,11
57,66,0,54
57,67,0,60
57,68,0,51
57,69,0,42
57,70,0,0
57,80,0,1
57,80,1,1
57,80,2,1
57,80,3,1
57,80,4,1
57,80,5,1
57,80,6,1
57,80,7,1
57,80,16,0
57,80,17,0
57,81,7,0
57,85,0,1
57,85,1,1
57,85,2,1
57,85,3,1
57,85,4,1
57,85,5,1
57,85,6,1
57,85,7,1
57,85,16,1
57,85,17,1
58,22,4,37
58,22,5,37
58,22,6,37
58,22,7,37
58,23,7,0
58,24,7,1
58,32,0,0
58,32,1,0
58,32,2,0
58,32,3,0
58,32,4,0
58,32,5,0
58,32,6,0
58,32,16,0
58,32,17,0
58,64,0,3
58,65,0,11
58,66,0,54
58,67,0,60
58,68,0,51
58,69,0,42
58,70,0,0
58,80,0,1
58,80,1,1
58,80,2,1
58,80,3,1
58,80,4,1
58,80,5,1
58,80,6,1
58,80,7,1
58,80,16,0
58,80,17,0
58,81,7,0
58,85,0,1
58,85,1,1
58,85,2,1
58,85,3,1
58,85,4,1
58,85,5,1
58,85,6,1
58,85,7,1
58,85,16,1
58,85,17,1
59,22,4,37
59,22,5,37
59,22,6,37
59,22,7,37
59,23,7,0
59,24,7,1
59,32,0,0
59,32,1,0
59,32,2,0
59,32,3,0
59,32,4,0
59,32,5,0
59,32,6,0
59,32,16,0
59,32,17,0
59,64,0,3
59,65,0,11
59,66,0,54
59,67,0,60
59,68,0,51
59,69,0,42
59,70,0,0
59,80,0,1
59,80,1,1
59,80,2,1
59,80,3,1
59,80,4,1
59,80,5,1
59,80,6,1
59,80,7,1
59,80,16,0
59,80,17,0
59,81,7,0
59,85,0,1
59,85,1,1
59,85,2,1
59,85,3,1
59,85,4,1
59,85,5,1
59,85,6,1
59,85,7,1
59,85,16,1
59,85,17,1
60,22,4,37
60,22,5,37
60,22,6,37
60,22,7,37
60,23,7,0
60,24,7,1
60,32,0,0
60,32,1,0
60,32,2,0
60,32,3,0
60,32,4,0
60,32,5,0
60,32,6,0
60,32,16,0
60,32,17,0
60,64,0,3
60,65,0,11
60,66,0,54
60,67,0,60
60,68,0,51
60,69,0,42
60,70,0,0
60,80,0,1
60,80,1,1
60,80,2,1
60,80,3,1
60,80,4,1
60,80,5,1
60,80,6,1
60,80,7,1
60,80,16,0
60,80,17,0
60,81,7,0
60,85,0,1
60,85,1,1
60,85,2,1
60,85,3,1
60,85,4,1
60,85,5,1
60,85,6,1
60,85,7,1
60,85,16,1
60,85,17,1
61,22,4,37
61,22,5,37
61,22,6,37
61,22,7,37
61,23,7,0
61,24,7,1
61,32,0,0
61,32,1,0
61,32,2,0
61,32,3,0
61,32,4,0
61,32,5,0
61,32,6,0
61,32,16,0
61,32,17,0
61,64,0,3
61,65,0,11
61,66,0,54
61,67,0,60
61,68,0,51
61,69,0,42
61,70,0,0
61,80,0,1
61,80,1,1
61,80,2,1
61,80,3,1
61,80,4,1
61,80,5,1
61,80,6,1
61,80,7,1
61,80,16,0
61,80,17,0
61,81,7,0
61,85,0,1
61,85,1,1
61,85,2,1
61,85,3,1
61,85,4,1
61,85,5,1
61,85,6,1
61,85,7,1
61,85,16,1
61,85,17,1
62,22,4,37
62,22,5,37
62,22,6,37
62,22,7,37
62,23,7,0
62,24,7,1
62,32,0,0
62,32,1,0
62,32,2,0
62,32,3,0
62,32,4,0
62,32,5,0
62,32,6,0
62,32,16,0
62,32,17,0
62,64,0,3
62,65,0,11
62,66,0,54
62,67,0,60
62,68,0,51
62,69,0,42
62,70,0,0
62,80,0,1
62,80,1,1
62,80,2,1
62,80,3,1
62,80,4,1
62,80,5,1
62,80,6,1
62,80,7,1
62,80,16,0
62,80,17,0
62,81,7,0
62,85,0,1
62,85,1,1
62,85,2,1
62,85,3,1
62,85,4,1
62,85,5,1
62,85,6,1
62,85,7,1
62,85,16,1
62,85,17,1
63,22,4,37
63,22,5,37
63,22,6,37
63,22,7,37
63,23,7,0
63,24,7,1
63,32,0,0
63,32,1,0
63,32,2,0
63,32,3,0
63,32,4,0
63,32,5,0
63,32,6,0
63,32,16,0
63,32,17,0
63,64,0,3
63,65,0,11
63,66,0,54
63,67,0,60
63,68,0,51
63,69,0,42
63,70,0,0
63,80,0,1
63,80,1,1
63,80,2,1
63,80,3,1
63,80,4,1
63,80,5,1
63,80,6,1
63,80,7,1
63,80,16,0
63,80,17,0
63,81,7,0
63,85,0,1
63,85,1,1
63,85,2,1
63,85,3,1
63,85,4,1
63,85,5,1
63,85,6,1
63,85,7,1
63,85,16,1
63,85,17,1
64,1,0,64
64,2,0,21
64,3,0,56
64,4,0,0
64,5,0,64
64,6,0,42
64,7,0,53
64,9,0,64
64,10,0,89
64,11,0,53
64,13,0,64
64,14,0,114
64,15,0,56
64,16,0,0
64,17,0,1
64,18,0,0
64,19,0,44
64,20,0,0
64,22,4,37
64,22,5,37
64,22,6,37
64,22,7,37
64,23,7,0
64,24,7,1
64,32,0,0
64,32,1,0
64,32,2,0
64,32,3,0
64,32,4,0
64,32,5,0
64,32,6,0
64,32,16,0
64,32,17,0
64,64,0,3
64,65,0,11
64,66,0,54
64,67,0,60
64,68,0,51
64,69,0,42
64,70,0,0
64,80,0,1
64,80,1,1
64,80,2,1
64,80,3,1
64,80,4,1
64,80,5,1
64,80,6,1
64,80,7,1
64,80,16,0
64,80,17,0
64,81,7,0
64,82,0,64
64,84,0,64
64,85,0,1
64,85,1,1
64,85,2,1
64,85,3,1
64,85,4,1
64,85,5,1
64,85,6,1
64,85,7,1
64,85,16,1
64,85,17,1
64,87,0,0
64,88,0,53
64,89,0,0
64,90,0,0
64,97,0,1
64,98,0,50
64,99,0,17
64,100,0,0
64,101,0,87
64,102,0,91
64,103,0,0
64,104,0,0
64,105,0,0
64,106,0,0
64,107,0,0
64,108,0,0
64,109,0,0
65,1,0,64
65,2,0,21
65,3,0,56
65,4,0,0
65,5,0,64
65,6,0,42
65,7,0,53
65,9,0,64
65,10,0,89
65,11,0,53
65,13,0,64
65,14,0,114
65,15,0,56
65,16,0,0
65,17,0,1
65,18,0,0
65,19,0,44
65,20,0,0
65,22,4,37
65,22,5,37
65,22,6,37
65,22,7,37
65,23,7,0
65,24,7,1
65,32,0,0
65,32,1,0
65,32,2,0
65,32,3,0
65,32,4,0
65,32,5,0
65,32,6,0
65,32,16,0
65,32,17,0
65,64,0,3
65,65,0,11
65,66,0,54
65,67,0,60
65,68,0,51
65,69,0,42
65,70,0,0
65,80,0,1
65,80,1,1
65,80,2,1
65,80,3,1
65,80,4,1
65,80,5,1
65,80,6,1
65,80,7,1
65,80,16,0
65,80,17,0
65,81,7,0
65,82,0,64
65,84,0,64
65,85,0,1
65,85,1,1
65,85,2,1
65,85,3,1
65,85,4,1
65,85,5,1
65,85,6,1
65,85,7,1
65,85,16,1
65,85,17,1
65,87,0,0
65,88,0,53
65,89,0,0
65,90,0,0
65,97,0,1
65,98,0,50
65,99,0,17
65,100,0,0
65,101,0,87
65,102,0,91
65,103,0,0
65,104,0,0
65,105,0,0
65,106,0,0
65,107,0,0
65,108,0,0
65,109,0,0
66,1,0,64
66,2,0,21
66,3,0,56
66,4,0,0
66,5,0,64
66,6,0,42
66,7,0,53
66,9,0,64
66,10,0,89
66,11,0,53
66,13,0,64
66,14,0,114
66,15,0,56
66,16,0,0
66,17,0,1
66,18,0,0
66,19,0,44
66,20,0,0
66,22,4,37
66,22,5,37
66,22,6,37
66,22,7,37
66,23,7,0
66,24,7,1
66,32,0,0
66,32,1,0
66,32,2,0
66,32,3,0
66,32,4,0
66,32,5,0
66,32,6,0
66,32,16,0
66,32,17,0
66,64,0,3
66,65,0,11
66,66,0,54
66,67,0,60
66,68,0,51
66,69,0,42
66,70,0,0
66,80,0,1
66,80,1,1
66,80,2,1
66,80,3,1
66,80,4,1
66,80,5,1
66,80,6,1
66,80,7,1
66,80,16,0
66,80,17,0
66,81,7,0
66,82,0,64
66,84,0,64
66,85,0,1
66,85,1,1
66,85,2,1
66,85,3,1
66,85,4,1
66,85,5,1
66,85,6,1
66,85,7,1
66,85,16,1
66,85,17,1
66,87,0,0
66,88,0,53
66,89,0,0
66,90,0,0
66,97,0,1
66,98,0,50
66,99,0,17
66,100,0,0
66,101,0,87
66,102,0,91
66,103,0,0
66,104,0,0
66,105,0,0
66,106,0,0
66,107,0,0
66,108,0,0
66,109,0,0
96,1,0,64
96,2,0,21
96,3,0,56
96,4,0,0
96,5,0,64
96,6,0,42
96,7,0,53
96,9,0,64
96,10,0,89
96,11,0,53
96,13,0,64
96,14,0,114
96,15,0,56
96,16,0,0
96,17,0,1
96,23,7,82
96,81,7,0
96,97,0,1
96,98,0,50
96,99,0,17
96,100,0,0
96,101,0,87
96,102,0,91
96,103,0,0
96,104,0,0
96,107,0,0
96,108,0,0
96,109,0,0
96,112,0,64
96,112,1,64
96,112,2,64
96,112,3,64
96,112,4,64
96,112,5,64
96,112,6,64
96,112,7,64
96,112,8,64
96,112,9,64
96,112,10,64
96,112,11,64
96,112,12,64
96,112,13,64
96,112,14,64
96,112,15,64
96,112,16,64
96,112,17,64
96,112,18,64
96,112,19,64
96,112,20,64
96,112,21,64
96,112,22,64
96,112,23,64
96,112,24,64
96,112,25,64
96,112,26,64
96,112,27,64
96,113,0,1
97,1,0,64
97,2,0,21
97,3,0,56
97,4,0,0
97,5,0,64
97,6,0,42
97,7,0,53
97,9,0,64
97,10,0,89
97,11,0,53
97,13,0,64
97,14,0,114
97,15,0,56
97,16,0,0
97,17,0,1
97,23,7,82
97,81,7,0
97,97,0,1
97,98,0,50
97,99,0,17
97,100,0,0
97,101,0,87
97,102,0,91
97,103,0,0
97,104,0,0
97,107,0,0
97,108,0,0
97,109,0,0
97,112,0,64
97,112,1,64
97,112,2,64
97,112,3,64
97,112,4,64
97,112,5,64
97,112,6,64
97,112,7,64
97,112,8,64
97,112,9,64
97,112,10,64
97,112,11,64
97,112,12,64
97,112,13,64
97,112,14,64
97,112,15,64
97,112,16,64
97,112,17,64
97,112,18,64
97,112,19,64
97,112,20,64
97,112,21,64
97,112,22,64
97,112,23,64
97,112,24,64
97,112,25,64
97,112,26,64
97,112,27,64
97,113,0,1
98,1,0,64
98,2,0,21
98,3,0,56
98,4,0,0
98,5,0,64
98,6,0,42
98,7,0,53
98,9,0,64
98,10,0,89
98,11,0,53
98,13,0,64
98,14,0,114
98,15,0,56
98,16,0,0
98,17,0,1
98,23,7,82
98,81,7,0
98,97,0,1
98,98,0,50
98,99,0,17
98,100,0,0
98,101,0,87
98,102,0,91
98,103,0,0
98,104,0,0
98,107,0,0
98,108,0,0
98,109,0,0
98,112,0,64
98,112,1,64
98,112,2,64
98,112,3,64
98,112,4,64
98,112,5,64
98,112,6,64
98,112,7,64
98,112,8,64
98,112,9,64
98,112,10,64
98,112,11,64
98,112,12,64
98,112,13,64
98,112,14,64
98,112,15,64
98,112,16,64
98,112,17,64
98,112,18,64
98,112,19,64
98,112,20,64
98,112,21,64
98,112,22,64
98,112,23,64
98,112,24,64
98,112,25,64
98,112,26,64
98,112,27,64
98,113,0,1
99,1,0,64
99,2,0,21
99,3,0,56
99,4,0,0
99,5,0,64
99,6,0,42
99,7,0,53
99,9,0,64
99,10,0,89
99,11,0,53
99,13,0,64
99,14,0,114
99,15,0,56
99,16,0,0
99,17,0,1
99,23,7,82
99,81,7,0
99,97,0,1
99,98,0,50
99,99,0,17
99,100,0,0
99,101,0,87
99,102,0,91
99,103,0,0
99,104,0,0
99,107,0,0
99,108,0,0
99,109,0,0
99,112,0,64
99,112,1,64
99,112,2,64
99,112,3,64
99,112,4,64
99,112,5,64
99,112,6,64
99,112,7,64
99,112,8,64
99,112,9,64
99,112,10,64
99,112,11,64
99,112,12,64
99,112,13,64
99,112,14,64
99,112,15,64
99,112,16,64
99,112,17,64
99,112,18,64
99,112,19,64
99,112,20,64
99,112,21,64
99,112,22,64
99,112,23,64
99,112,24,64
99,112,25,64
99,112,26,64
99,112,27,64
99,113,0,1
100,1,0,64
100,2,0,21
100,3,0,56
100,4,0,0
100,5,0,64
100,6,0,42
100,7,0,53
100,9,0,64
100,10,0,89
100,11,0,53
100,13,0,64
100,14,0,114
100,15,0,56
100,16,0,0
100,17,0,1
100,23,7,82
100,81,7,0
100,86,7,37
100,97,0,1
100,98,0,50
100,99,0,17
100,100,0,0
100,101,0,87
100,102,0,91
100,103,0,0
100,104,0,0
100,107,0,0
100,108,0,0
100,109,0,0
101,1,0,64
101,2,0,21
101,3,0,56
101,4,0,0
101,5,0,64
101,6,0,42
101,7,0,53
101,9,0,64
101,10,0,89
101,11,0,53
101,13,0,64
101,14,0,114
101,15,0,56
101,16,0,0
101,17,0,1
101,23,7,82
101,81,7,0
101,86,7,37
101,97,0,1
101,98,0,50
101,99,0,17
101,100,0,0
101,101,0,87
101,102,0,91
101,103,0,0
101,104,0,0
101,107,0,0
101,108,0,0
101,109,0,0
102,1,0,64
102,2,0,21
102,3,0,56
102,4,0,0
102,5,0,64
102,6,0,42
102,7,0,53
102,9,0,64
102,10,0,89
102,11,0,53
102,13,0,64
102,14,0,114
102,15,0,56
102,16,0,0
102,17,0,1
102,23,7,82
102,81,7,0
102,86,7,37
102,97,0,1
102,98,0,50
102,99,0,17
102,100,0,0
102,101,0,87
102,102,0,91
102,103,0,0
102,104,0,0
102,107,0,0
102,108,0,0
102,109,0,0
103,1,0,64
103,2,0,21
103,3,0,56
103,4,0,0
103,5,0,64
103,6,0,42
103,7,0,53
103,9,0,64
103,10,0,89
103,11,0,53
103,13,0,64
103,14,0,114
103,15,0,56
103,16,0,0
103,17,0,1
103,23,7,0
103,81,7,0
103,97,0,1
103,98,0,50
103,99,0,17
103,100,0,0
103,101,0,87
103,102,0,91
103,103,0,0
103,104,0,0
103,107,0,0
103,108,0,0
103,109,0,0
103,112,0,64
103,112,1,64
103,112,2,64
103,112,3,64
103,112,4,64
103,112,5,64
103,112,6,64
103,112,7,64
103,112,8,64
103,112,9,64
103,112,10,64
103,112,11,64
103,112,12,64
103,112,13,64
103,112,14,64
103,112,15,64
103,112,16,64
103,112,17,64
103,112,18,64
103,112,19,64
103,112,20,64
103,112,21,64
103,112,22,64
103,112,23,64
103,112,24,64
103,112,25,64
103,112,26,64
103,112,27,64
103,113,0,1
104,23,7,0
104,81,7,0
105,23,7,0
105,81,7,0
106,23,7,0
106,81,7,0
107,23,7,0
107,81,7,0
108,81,7,0
109,81,7,0
110,81,7,0
111,81,7,0